##TITLE=Benzo[j]fluoranthene
##JCAMP-DX=4.24
##DATA TYPE=MASS SPECTRUM
##ORIGIN=AIR POLLUTION CONT. DIVN., TUNNEY'S PASTURE, OTTAWA, CANADA
##OWNER=NIST Mass Spectrometry Data Center
Collection (C) 2014 copyright by the U.S. Secretary of Commerce
on behalf of the United States of America. All rights reserved.
##CAS REGISTRY NO=205-82-3
##$NIST MASS SPEC NO=12230
##MOLFORM=C20 H12
##MW=252
##$NIST SOURCE=MSDC
##XUNITS=M/Z
##YUNITS=RELATIVE INTENSITY
##XFACTOR=1
##YFACTOR=1
##FIRSTX=28
##LASTX=256
##FIRSTY=11
##MAXX=256
##MINX=28
##MAXY=9999
##MINY=3
##NPOINTS=187
##PEAK TABLE=(XY..XY)
28,11 29,16 30,5 31,5
32,5 33,4 35,5 36,5
37,5 38,10 39,40 41,3
42,6 43,18 44,17 45,15
46,5 47,3 48,5 49,5
50,18 51,43 52,10 53,6
54,7 55,21 56,12 57,20
58,3 59,3 61,7 62,20
63,55 64,8 65,6 66,6
67,5 68,5 69,5 70,5
71,4 72,6 73,6 74,55
75,58 76,20 77,20 78,21
79,8 80,8 81,7 82,7
83,24 84,74 85,12 86,38
87,84 88,44 89,11 90,4
91,17 92,7 93,7 94,7
95,3 96,3 97,6 98,56
99,148 100,223 101,83 102,5
103,5 104,4 105,12 106,11
107,5 109,7 110,26 111,217
112,788 113,855 114,22 115,6
116,6 117,14 118,16 119,6
120,6 121,7 122,22 123,121
124,788 125,1879 126,2188 127,62
128,6 129,5 133,4 134,18
135,17 137,3 138,3 140,4
144,3 145,3 146,12 147,6
148,5 149,12 150,33 151,17
152,6 158,4 159,5 160,5
161,12 162,10 163,22 164,5
165,8 167,4 168,4 169,4
170,5 171,5 172,5 173,11
174,47 175,18 176,16 177,9
178,7 179,7 180,7 181,3
182,6 183,6 184,6 185,11
186,11 187,30 188,6 189,10
190,3 191,4 192,4 195,5
196,5 197,12 198,64 199,47
200,99 201,33 202,39 203,3
210,11 211,31 212,12 213,34
214,5 220,3 221,21 222,101
223,127 224,330 225,191 226,197
227,33 228,9 229,3 235,16
236,7 237,32 244,5 245,16
246,72 247,136 248,588 249,502
250,2123 251,593 252,9999 253,2291
254,252 255,22 256,3
##END=
